

0 6.42603 6.12356 4.3704 4.19103 4.12297 4.03903
1 7.55475 6.3418 6.20682 5.5604 4.31776 4.20027
2 0.243814 0.220946 0.167458 0.158025 0.151573 0.144401
3 0.0033522 0.00296464 0.00233391 0.00217894 0.00206438 0.00193748
4 0.0881079 0.0754995 0.0674466 0.0623562 0.0574856 0.0529689
5 0.0988139 0.0858383 0.0769958 0.0715526 0.0661701 0.060157
6 0.0348303 0.0296196 0.0254486 0.0233339 0.0212506 0.0194183
7 0.00162836 0.00141067 0.001147 0.00106236 0.0009943 0.000924094
8 0.00174986 0.00150692 0.00135473 0.00124676 0.00115343 0.00106219
9 0.00202944 0.00177103 0.00159613 0.00148137 0.00134236 0.00123892
10 0.00100598 0.000861776 0.000760131 0.000706311 0.000640037 0.000582014
11 0.000129067 0.000110241 9.45658e-05 8.66897e-05 7.90674e-05 7.22678e-05
12 3.5694e-05 3.12727e-05 2.80219e-05 2.5845e-05 2.36859e-05 2.19275e-05
13 4.33631e-05 3.78385e-05 3.40721e-05 3.14115e-05 2.86422e-05 2.63389e-05
14 2.58457e-05 2.21951e-05 1.98608e-05 1.82478e-05 1.66049e-05 1.52491e-05
15 5.58164e-06 4.77773e-06 4.21031e-06 3.83376e-06 3.49874e-06 3.17116e-06


Peak Node Voltages
==================
0 0.7 0
1 0.641815 8.3122
2 0.666243 4.82239
3 0.682248 2.536
4 0.7 0
5 0.614544 12.208
6 0.599021 14.4256
7 0.643168 8.11888
8 0.672562 3.91976
9 0.7 0
10 0.623729 10.8958
11 0.609661 12.9055
12 0.648497 7.3576
13 0.674664 3.61947
14 0.7 0
15 0.624374 10.8038
16 0.610691 12.7585
17 0.649556 7.20623
18 0.675627 3.48185
19 0.7 0
20 0.696828 0.453125
21 0.696634 0.480924
22 0.69738 0.374305
23 0.698502 0.214036
24 0.7 0
25 0.699665 0.0478994
26 0.699633 0.0523754
27 0.699708 0.0416588
28 0.699831 0.0241887
29 0.7 0
30 0.699959 0.00580471
31 0.699955 0.00640059
32 0.699964 0.00512789
33 0.699979 0.00299547
34 0.7 0
35 0.699995 0.000762105
36 0.699994 0.000857621
37 0.699995 0.000706449
38 0.699997 0.000428636
39 0.7 0
40 0.685156 2.12055
41 0.670635 4.19506
42 0.674641 3.62272
43 0.680323 2.81098
44 0.678554 3.06375
45 0.651287 6.95899
46 0.643316 8.09773
47 0.657877 6.01758
48 0.672359 3.94868
49 0.676277 3.38904
50 0.655255 6.39215
51 0.648359 7.37731
52 0.661125 5.55352
53 0.674911 3.58412
54 0.677317 3.24036
55 0.655159 6.40589
56 0.648988 7.28748
57 0.662273 5.38955
58 0.677306 3.24204
59 0.689973 1.43248
60 0.693848 0.878802
61 0.69569 0.615716
62 0.697002 0.428245
63 0.698124 0.267971
64 0.699057 0.134652
65 0.69936 0.0913601
66 0.699527 0.0676086
67 0.699661 0.0484447
68 0.699784 0.030926
69 0.699889 0.0158968
70 0.699923 0.011018
71 0.699942 0.00827415
72 0.699958 0.00599159
73 0.699973 0.00386085
74 0.699986 0.00201399
75 0.69999 0.00142929
76 0.699992 0.00110498
77 0.699994 0.000833639
78 0.699996 0.000579793
79 0.699997 0.000370091
80 0.684822 2.16823
81 0.680896 2.72911
82 0.681173 2.68962
83 0.682022 2.56833
84 0.678919 3.01159
85 0.668684 4.47374
86 0.66502 4.99716
87 0.670485 4.21647
88 0.675147 3.55044
89 0.675674 3.47517
90 0.670118 4.26892
91 0.66734 4.6657
92 0.672131 3.98129
93 0.677914 3.15512
94 0.677089 3.27294
95 0.66991 4.29859
96 0.667736 4.60915
97 0.673204 3.82805
98 0.681327 2.66763
99 0.688726 1.61057
100 0.692896 1.0148
101 0.695271 0.67553
102 0.696812 0.455434
103 0.697933 0.295229
104 0.698744 0.179415
105 0.699192 0.115376
106 0.699452 0.0783245
107 0.699625 0.0536356
108 0.699754 0.035206
109 0.699848 0.0216596
110 0.699901 0.0141079
111 0.699932 0.00969497
112 0.699953 0.00670967
113 0.699969 0.00444638
114 0.699981 0.00276789
115 0.699987 0.00183756
116 0.699991 0.0013005
117 0.699993 0.000944204
118 0.699995 0.000687409
119 0.699996 0.000530766
120 0.688403 1.65671
121 0.686935 1.86638
122 0.68651 1.92718
123 0.686109 1.98438
124 0.684179 2.2602
125 0.679477 2.93186
126 0.677559 3.20589
127 0.679489 2.93021
128 0.680767 2.7475
129 0.681129 2.69591
130 0.679225 2.96779
131 0.678547 3.0647
132 0.680598 2.77174
133 0.68307 2.41864
134 0.68242 2.51136
135 0.679624 2.91084
136 0.678809 3.02727
137 0.681451 2.64984
138 0.686052 1.99263
139 0.690697 1.32903
140 0.693733 0.895349
141 0.695682 0.616873
142 0.697038 0.423203
143 0.698051 0.278401
144 0.698792 0.172591
145 0.699212 0.112522
146 0.699463 0.0767593
147 0.699632 0.0526229
148 0.699758 0.0346392
149 0.69985 0.0214502
150 0.699901 0.0140738
151 0.699932 0.00969818
152 0.699953 0.00671269
153 0.699969 0.00445171
154 0.699981 0.00277651
155 0.699987 0.00185447
156 0.699991 0.00131662
157 0.699993 0.000956243
158 0.699995 0.000695584
159 0.699996 0.000535212
160 0.693442 0.936808
161 0.691919 1.15444
162 0.691175 1.26075
163 0.69104 1.28006
164 0.690869 1.30438
165 0.687465 1.79066
166 0.685846 2.022
167 0.686101 1.9856
168 0.687286 1.8163
169 0.688828 1.59595
170 0.686887 1.87326
171 0.686101 1.98564
172 0.686972 1.86114
173 0.688759 1.60586
174 0.689669 1.47585
175 0.687336 1.80916
176 0.686403 1.94237
177 0.687721 1.75418
178 0.690718 1.32606
179 0.694267 0.818966
180 0.695649 0.621621
181 0.696682 0.474047
182 0.697602 0.342544
183 0.69844 0.22287
184 0.699159 0.120204
185 0.699402 0.0854792
186 0.699554 0.0636475
187 0.699681 0.0455119
188 0.699795 0.0293138
189 0.699892 0.0154503
190 0.699923 0.0110534
191 0.699942 0.00832131
192 0.699958 0.00599818
193 0.699973 0.00387587
194 0.699986 0.00203484
195 0.69999 0.00148911
196 0.699992 0.00115663
197 0.699994 0.000869557
198 0.699996 0.000604193
199 0.699997 0.000379703
200 0.7 0
201 0.696076 0.56064
202 0.694937 0.723268
203 0.69573 0.609991
204 0.7 0
205 0.693656 0.906269
206 0.691456 1.22053
207 0.691291 1.24407
208 0.693434 0.938032
209 0.7 0
210 0.693381 0.945617
211 0.691442 1.22251
212 0.691803 1.17095
213 0.694063 0.848163
214 0.7 0
215 0.693634 0.909448
216 0.691734 1.1809
217 0.692298 1.10026
218 0.694821 0.739848
219 0.7 0
220 0.697909 0.298766
221 0.69779 0.315644
222 0.698247 0.250411
223 0.698946 0.150562
224 0.7 0
225 0.699681 0.0456322
226 0.699672 0.0469054
227 0.699744 0.0365108
228 0.699848 0.021684
229 0.7 0
230 0.699955 0.0063798
231 0.699954 0.00654408
232 0.699964 0.00508905
233 0.699979 0.00302276
234 0.7 0
235 0.699994 0.000912055
236 0.699993 0.000952422
237 0.699995 0.000762065
238 0.699997 0.000472554
239 0.7 0
240 0.698613 0.198087
241 0.697369 0.375806
242 0.696735 0.466463
243 0.696939 0.437269
244 0.697606 0.341982
245 0.69563 0.62423
246 0.694325 0.810773
247 0.694166 0.833419
248 0.695151 0.692727
249 0.696755 0.463586
250 0.695186 0.687679
251 0.694314 0.812314
252 0.69451 0.784292
253 0.695639 0.623067
254 0.697054 0.420797
255 0.695459 0.648682
256 0.694591 0.772723
257 0.694909 0.727268
258 0.696263 0.533834
259 0.698127 0.26758
260 0.698193 0.258109
261 0.698322 0.239678
262 0.698648 0.193153
263 0.699096 0.129124
264 0.699562 0.0625455
265 0.699649 0.0501915
266 0.699707 0.04188
267 0.699776 0.0319797
268 0.699853 0.020934
269 0.699928 0.0103303
270 0.699945 0.00792829
271 0.699955 0.00639294
272 0.699966 0.00479647
273 0.699978 0.00312925
274 0.699989 0.00157687
275 0.699992 0.00120763
276 0.699993 0.00097993
277 0.699995 0.000754516
278 0.699996 0.00052445
279 0.699998 0.00031653
280 0.69847 0.218609
281 0.698023 0.282444
282 0.69769 0.329995
283 0.697635 0.337905
284 0.697542 0.351096
285 0.696709 0.47016
286 0.69604 0.565755
287 0.695891 0.586966
288 0.696244 0.536589
289 0.696679 0.47442
290 0.696291 0.529913
291 0.696005 0.570745
292 0.696139 0.551515
293 0.696617 0.483238
294 0.69699 0.43003
295 0.696553 0.492432
296 0.696256 0.534848
297 0.696479 0.503008
298 0.697192 0.401191
299 0.698049 0.278657
300 0.698413 0.226678
301 0.698656 0.192056
302 0.698925 0.153598
303 0.699227 0.110369
304 0.699503 0.0709316
305 0.699645 0.0507603
306 0.699731 0.0384866
307 0.6998 0.0286271
308 0.699862 0.0197636
309 0.699913 0.0124698
310 0.69994 0.00861831
311 0.699956 0.00630955
312 0.699968 0.00457961
313 0.699978 0.00312416
314 0.699986 0.00197224
315 0.69999 0.00136291
316 0.699993 0.00100617
317 0.699995 0.000752403
318 0.699996 0.000554742
319 0.699997 0.000425387
320 0.698772 0.175467
321 0.69856 0.205658
322 0.698365 0.23351
323 0.698274 0.246622
324 0.698086 0.273402
325 0.69762 0.340045
326 0.69723 0.395706
327 0.697111 0.412712
328 0.69725 0.3928
329 0.697423 0.368082
330 0.697288 0.387358
331 0.69719 0.401398
332 0.697284 0.387997
333 0.697512 0.355478
334 0.697666 0.333398
335 0.697503 0.356677
336 0.697398 0.371785
337 0.697555 0.349247
338 0.697972 0.289683
339 0.698464 0.219468
340 0.698753 0.178125
341 0.698961 0.148468
342 0.699167 0.118975
343 0.699384 0.0879375
344 0.699579 0.0601248
345 0.699696 0.043484
346 0.699771 0.0327192
347 0.69983 0.0243082
348 0.699881 0.0170442
349 0.699922 0.0111798
350 0.699946 0.00777455
351 0.69996 0.00565387
352 0.699971 0.00409303
353 0.69998 0.00281876
354 0.699987 0.00182706
355 0.699991 0.00126702
356 0.699993 0.000930471
357 0.699995 0.000694966
358 0.699996 0.000517305
359 0.699997 0.000405219
360 0.699284 0.10227
361 0.69908 0.131424
362 0.698936 0.152009
363 0.698907 0.15614
364 0.698864 0.162314
365 0.698451 0.221263
366 0.698147 0.264725
367 0.698069 0.275802
368 0.69822 0.254226
369 0.698473 0.21813
370 0.698247 0.25044
371 0.698121 0.268487
372 0.698167 0.261922
373 0.698374 0.232278
374 0.698617 0.19753
375 0.698394 0.229464
376 0.698273 0.246755
377 0.69837 0.232871
378 0.698676 0.189127
379 0.699079 0.131632
380 0.699173 0.118072
381 0.699266 0.10487
382 0.699398 0.0860191
383 0.699563 0.0623724
384 0.699733 0.0382086
385 0.699787 0.0303768
386 0.699828 0.0246317
387 0.699868 0.0188675
388 0.699909 0.0129427
389 0.699948 0.00744228
390 0.69996 0.0056543
391 0.699969 0.0044442
392 0.699977 0.00332411
393 0.699984 0.00223373
394 0.699991 0.00125211
395 0.699993 0.000948959
396 0.699995 0.000754692
397 0.699996 0.000580408
398 0.699997 0.00041483
399 0.699998 0.000273279
400 0.7 0
401 0.699539 0.0658936
402 0.69939 0.087119
403 0.699481 0.0741762
404 0.7 0
405 0.699173 0.118199
406 0.698835 0.166404
407 0.698797 0.171831
408 0.699087 0.130434
409 0.7 0
410 0.699104 0.128046
411 0.698828 0.167464
412 0.698844 0.165128
413 0.699147 0.121824
414 0.7 0
415 0.69918 0.11713
416 0.698928 0.153156
417 0.698974 0.146599
418 0.699282 0.102516
419 0.7 0
420 0.699596 0.0577831
421 0.699531 0.0670293
422 0.699594 0.0579484
423 0.699738 0.0373889
424 0.7 0
425 0.699893 0.0152145
426 0.699884 0.016589
427 0.699905 0.0136068
428 0.699941 0.00843044
429 0.7 0
430 0.699979 0.00296202
431 0.699978 0.00314913
432 0.699982 0.00252894
433 0.699989 0.00154224
434 0.7 0
435 0.699996 0.000522994
436 0.699996 0.000559713
437 0.699997 0.000457744
438 0.699998 0.000288759
439 0.7 0
440 0.699833 0.0238474
441 0.699684 0.0451003
442 0.699605 0.056488
443 0.699613 0.0553024
444 0.699669 0.0472715
445 0.699403 0.0852506
446 0.699223 0.111033
447 0.699196 0.114862
448 0.699329 0.0958152
449 0.699552 0.0639378
450 0.699339 0.0944139
451 0.699213 0.112413
452 0.69922 0.111495
453 0.69937 0.0900157
454 0.699592 0.0582787
455 0.699398 0.0860205
456 0.699284 0.102301
457 0.699314 0.0980029
458 0.699479 0.0744462
459 0.699715 0.0406764
460 0.699677 0.0460911
461 0.699667 0.0475854
462 0.69971 0.0414164
463 0.699795 0.0292736
464 0.699896 0.0147971
465 0.699903 0.0139079
466 0.69991 0.0129203
467 0.699926 0.0105544
468 0.69995 0.00718096
469 0.699975 0.00356765
470 0.699979 0.00304773
471 0.699981 0.00266462
472 0.699985 0.00210291
473 0.69999 0.0014079
474 0.699995 0.000705321
475 0.699996 0.000583847
476 0.699996 0.000504001
477 0.699997 0.000402571
478 0.699998 0.000282762
479 0.699999 0.000164523
480 0.699815 0.0264605
481 0.69976 0.0343104
482 0.699711 0.0412563
483 0.699687 0.0446607
484 0.69966 0.048582
485 0.699548 0.0645878
486 0.699456 0.0777298
487 0.699434 0.0808888
488 0.699481 0.0741261
489 0.699541 0.0655883
490 0.699487 0.0733567
491 0.699443 0.0796027
492 0.699445 0.0792196
493 0.699511 0.0698354
494 0.699579 0.0601577
495 0.699533 0.0666658
496 0.699495 0.0721288
497 0.699519 0.0687676
498 0.699603 0.0566663
499 0.699705 0.0422106
500 0.699731 0.0383672
501 0.699749 0.0358541
502 0.699784 0.0309013
503 0.699835 0.0235223
504 0.699888 0.0160224
505 0.699911 0.012714
506 0.699925 0.0106434
507 0.69994 0.00852037
508 0.699957 0.00617882
509 0.699972 0.00404562
510 0.699979 0.00299979
511 0.699983 0.00236149
512 0.699987 0.00181235
513 0.699991 0.00128258
514 0.699994 0.000830269
515 0.699996 0.000603678
516 0.699997 0.000470396
517 0.699997 0.000366195
518 0.699998 0.000275486
519 0.699999 0.000210936
520 0.699848 0.0216608
521 0.69982 0.0257212
522 0.699789 0.0301349
523 0.699765 0.0335483
524 0.699735 0.0378583
525 0.699672 0.046856
526 0.699619 0.0544902
527 0.699602 0.0569211
528 0.69962 0.0542889
529 0.699643 0.0510006
530 0.699623 0.0538979
531 0.699605 0.0563655
532 0.699607 0.0562062
533 0.69964 0.0513815
534 0.699671 0.0470577
535 0.699658 0.0489162
536 0.699644 0.050856
537 0.699662 0.0483436
538 0.699711 0.0412997
539 0.699768 0.0331764
540 0.699795 0.0293526
541 0.699814 0.0265998
542 0.69984 0.0228443
543 0.699875 0.0179161
544 0.699908 0.0130729
545 0.699928 0.0102955
546 0.699941 0.0084298
547 0.699953 0.00671376
548 0.699965 0.00497473
549 0.699976 0.00344041
550 0.699982 0.00254742
551 0.699986 0.00197163
552 0.699989 0.00150432
553 0.699992 0.00108113
554 0.699995 0.000730357
555 0.699996 0.000530827
556 0.699997 0.000408196
557 0.699998 0.000316708
558 0.699998 0.000242337
559 0.699999 0.000192964
560 0.69991 0.0128187
561 0.699882 0.0168054
562 0.69986 0.0200449
563 0.699849 0.0215741
564 0.699843 0.0224863
565 0.699786 0.0305361
566 0.699744 0.0365106
567 0.699733 0.0380754
568 0.699754 0.0351641
569 0.699788 0.0302801
570 0.699755 0.0349873
571 0.699734 0.0380185
572 0.699735 0.0379167
573 0.699765 0.0335759
574 0.699803 0.0280833
575 0.699778 0.0317832
576 0.699761 0.0340883
577 0.699772 0.0325013
578 0.699811 0.0270551
579 0.699861 0.0198771
580 0.699865 0.0192975
581 0.699871 0.0183757
582 0.699888 0.0159837
583 0.699914 0.0122437
584 0.699944 0.00807109
585 0.699951 0.00697616
586 0.699957 0.00607525
587 0.699965 0.0049371
588 0.699975 0.00357109
589 0.699985 0.00219743
590 0.699988 0.00178051
591 0.69999 0.00147533
592 0.699992 0.00115374
593 0.699994 0.00080837
594 0.699997 0.000479964
595 0.699997 0.000381626
596 0.699998 0.000315277
597 0.699998 0.000250433
598 0.699999 0.00018444
599 0.699999 0.000125769
600 0.7 0
601 0.699939 0.00865409
602 0.699918 0.0116862
603 0.699928 0.0102391
604 0.7 0
605 0.699886 0.0163233
606 0.699839 0.0229785
607 0.699834 0.0237454
608 0.699874 0.0180484
609 0.7 0
610 0.699874 0.0179887
611 0.699832 0.0239534
612 0.699833 0.0239057
613 0.699877 0.0176276
614 0.7 0
615 0.699886 0.0162994
616 0.699851 0.0213113
617 0.699856 0.0205518
618 0.699898 0.0145705
619 0.7 0
620 0.699933 0.00960457
621 0.699919 0.0116409
622 0.699927 0.0104877
623 0.699951 0.0070164
624 0.7 0
625 0.699976 0.00346998
626 0.699972 0.00396426
627 0.699976 0.00339343
628 0.699985 0.0021788
629 0.7 0
630 0.699994 0.000903701
631 0.699993 0.000996965
632 0.699994 0.00082814
633 0.699996 0.000519485
634 0.7 0
635 0.699999 0.000200832
636 0.699998 0.000221181
637 0.699999 0.000185566
638 0.699999 0.000119413
639 0.7 0
640 0.699977 0.00327598
641 0.699957 0.00613379
642 0.699945 0.0078187
643 0.699946 0.00770694
644 0.699954 0.00656023
645 0.699917 0.0117954
646 0.699892 0.0153585
647 0.699889 0.015904
648 0.699907 0.0133028
649 0.699937 0.00894972
650 0.699907 0.0133084
651 0.699887 0.0161794
652 0.699887 0.0161497
653 0.699908 0.0130731
654 0.69994 0.00851446
655 0.699915 0.0121909
656 0.699899 0.0143716
657 0.699903 0.0138455
658 0.699925 0.01069
659 0.699957 0.00613555
660 0.699948 0.0074898
661 0.699943 0.00810783
662 0.699949 0.00732068
663 0.699963 0.00534149
664 0.69998 0.00282082
665 0.699979 0.00294309
666 0.69998 0.00292247
667 0.699983 0.00249709
668 0.699988 0.00175295
669 0.699994 0.000892841
670 0.699994 0.000838268
671 0.699995 0.000781723
672 0.699995 0.000643228
673 0.699997 0.000441968
674 0.699998 0.000224154
675 0.699999 0.000200728
676 0.699999 0.000183277
677 0.699999 0.000151431
678 0.699999 0.000107771
679 0.7 6.12182e-05
680 0.699974 0.0036967
681 0.699966 0.00479275
682 0.69996 0.00575598
683 0.699956 0.00621768
684 0.699953 0.00674543
685 0.699937 0.00895163
686 0.699925 0.0107723
687 0.699921 0.0112257
688 0.699928 0.0103228
689 0.699936 0.00919696
690 0.699927 0.0103618
691 0.699919 0.011505
692 0.69992 0.0114835
693 0.699928 0.0102197
694 0.699938 0.00880272
695 0.699933 0.00959063
696 0.699928 0.0102695
697 0.699931 0.00980542
698 0.699942 0.00821968
699 0.699955 0.00636874
700 0.699957 0.00611901
701 0.699958 0.00598832
702 0.699963 0.00535329
703 0.699971 0.00421361
704 0.699979 0.00300162
705 0.699982 0.00256213
706 0.699984 0.00228849
707 0.699987 0.00192209
708 0.69999 0.00144489
709 0.699993 0.00098107
710 0.699995 0.000775675
711 0.699995 0.000649244
712 0.699996 0.000521748
713 0.699997 0.000381462
714 0.699998 0.000254153
715 0.699999 0.000194858
716 0.699999 0.00015996
717 0.699999 0.000129265
718 0.699999 9.9132e-05
719 0.699999 7.59316e-05
720 0.699979 0.00302425
721 0.699975 0.00358949
722 0.699971 0.00420076
723 0.699967 0.00466881
724 0.699963 0.00525918
725 0.699954 0.00650273
726 0.699947 0.00756447
727 0.699945 0.00791517
728 0.699947 0.00757662
729 0.69995 0.00716299
730 0.699947 0.00762727
731 0.699943 0.00816855
732 0.699943 0.00817018
733 0.699947 0.00755637
734 0.699952 0.0068952
735 0.69995 0.00710944
736 0.699949 0.00732085
737 0.699951 0.00696637
738 0.699958 0.00602917
739 0.699965 0.00500731
740 0.699968 0.00463552
741 0.699969 0.00437936
742 0.699973 0.00389609
743 0.699978 0.0031624
744 0.699983 0.00241305
745 0.699986 0.00201797
746 0.699988 0.00174964
747 0.69999 0.00145988
748 0.699992 0.00112494
749 0.699994 0.000811894
750 0.699996 0.000634922
751 0.699996 0.000518501
752 0.699997 0.0004136
753 0.699998 0.000308373
754 0.699998 0.000216403
755 0.699999 0.000164791
756 0.699999 0.000132607
757 0.699999 0.000106671
758 0.699999 8.36637e-05
759 0.7 6.75038e-05
760 0.699987 0.00178892
761 0.699984 0.0023439
762 0.69998 0.00279314
763 0.699979 0.00300245
764 0.699978 0.00312519
765 0.69997 0.00424238
766 0.699964 0.00507555
767 0.699963 0.00530212
768 0.699966 0.00491337
769 0.69997 0.00425853
770 0.699965 0.00496219
771 0.699961 0.00551391
772 0.699961 0.00552994
773 0.699965 0.00494823
774 0.699971 0.00411941
775 0.699968 0.00463847
776 0.699965 0.00494572
777 0.699967 0.00471884
778 0.699972 0.00396819
779 0.699979 0.003001
780 0.699979 0.00304122
781 0.699979 0.00300203
782 0.699981 0.00269337
783 0.699985 0.00213013
784 0.69999 0.00147271
785 0.699991 0.00134916
786 0.699991 0.00123404
787 0.699993 0.00104435
788 0.699995 0.000784286
789 0.699996 0.000507483
790 0.699997 0.000434276
791 0.699997 0.000376777
792 0.699998 0.000306207
793 0.699998 0.000222349
794 0.699999 0.000138519
795 0.699999 0.000115466
796 0.699999 9.91448e-05
797 0.699999 8.12569e-05
798 0.7 6.14354e-05
799 0.7 4.29686e-05
800 0.7 0
801 0.699992 0.0012065
802 0.699989 0.00162833
803 0.69999 0.00142579
804 0.7 0
805 0.699984 0.00227046
806 0.699978 0.00319848
807 0.699977 0.00330991
808 0.699982 0.00252129
809 0.7 0
810 0.699982 0.00257401
811 0.699976 0.00348504
812 0.699976 0.00349317
813 0.699982 0.00259233
814 0.7 0
815 0.699983 0.00238413
816 0.699978 0.00310983
817 0.699979 0.00299998
818 0.699985 0.00213735
819 0.7 0
820 0.699989 0.00152949
821 0.699987 0.0018973
822 0.699988 0.00174801
823 0.699992 0.00119427
824 0.7 0
825 0.699995 0.000673338
826 0.699994 0.000794285
827 0.699995 0.000700265
828 0.699997 0.000461185
829 0.7 0
830 0.699998 0.000218373
831 0.699998 0.000248516
832 0.699999 0.000212419
833 0.699999 0.000136527
834 0.7 0
835 0.7 5.95309e-05
836 0.7 6.73516e-05
837 0.7 5.78612e-05
838 0.7 3.79159e-05
839 0.7 0
840 0.699997 0.000456665
841 0.699994 0.000855002
842 0.699992 0.0010896
843 0.699992 0.00107384
844 0.699994 0.000914241
845 0.699988 0.00164331
846 0.699985 0.00214133
847 0.699984 0.00222118
848 0.699987 0.00186448
849 0.699991 0.00126628
850 0.699987 0.00191282
851 0.699983 0.00236267
852 0.699983 0.00236899
853 0.699986 0.00193062
854 0.699991 0.00125455
855 0.699987 0.00179069
856 0.699985 0.00211272
857 0.699986 0.00203701
858 0.699989 0.00158344
859 0.699993 0.000932746
860 0.699992 0.00118102
861 0.699991 0.00131161
862 0.699992 0.00120894
863 0.699994 0.000900163
864 0.699997 0.000492544
865 0.699996 0.000550602
866 0.699996 0.000570321
867 0.699996 0.00050197
868 0.699997 0.000360666
869 0.699999 0.000188841
870 0.699999 0.000190925
871 0.699999 0.00018675
872 0.699999 0.000158649
873 0.699999 0.00011148
874 0.7 5.76627e-05
875 0.7 5.53674e-05
876 0.7 5.29392e-05
877 0.7 4.49805e-05
878 0.7 3.24064e-05
879 0.7 1.81176e-05
880 0.699996 0.000515347
881 0.699995 0.000668128
882 0.699994 0.000802376
883 0.699994 0.000866827
884 0.699993 0.000940761
885 0.699991 0.00124893
886 0.699989 0.00150456
887 0.699989 0.00157131
888 0.69999 0.00145111
889 0.699991 0.00130296
890 0.69999 0.00149119
891 0.699988 0.00168628
892 0.699988 0.00169196
893 0.699989 0.00150862
894 0.699991 0.00129819
895 0.69999 0.00141323
896 0.699989 0.00151553
897 0.69999 0.00145402
898 0.699991 0.00122828
899 0.699993 0.000970423
900 0.699993 0.000957037
901 0.699993 0.000960555
902 0.699994 0.000877208
903 0.699995 0.000705838
904 0.699996 0.00051992
905 0.699997 0.000466776
906 0.699997 0.00043502
907 0.699997 0.000377147
908 0.699998 0.000291043
909 0.699999 0.000203969
910 0.699999 0.000169934
911 0.699999 0.000149106
912 0.699999 0.00012411
913 0.699999 9.31977e-05
914 0.7 6.38632e-05
915 0.7 5.13944e-05
916 0.7 4.41121e-05
917 0.7 3.6762e-05
918 0.7 2.8645e-05
919 0.7 2.19605e-05
920 0.699997 0.000421649
921 0.699996 0.000500481
922 0.699996 0.000585776
923 0.699995 0.000651233
924 0.699995 0.000734022
925 0.699994 0.000908387
926 0.699993 0.00105822
927 0.699992 0.00111003
928 0.699993 0.0010672
929 0.699993 0.00101603
930 0.699992 0.00110086
931 0.699992 0.00120104
932 0.699992 0.00120569
933 0.699992 0.00111529
934 0.699993 0.0010177
935 0.699993 0.00104996
936 0.699992 0.00108374
937 0.699993 0.00103675
938 0.699994 0.000906533
939 0.699995 0.000764633
940 0.699995 0.000723259
941 0.699995 0.000698084
942 0.699996 0.000634414
943 0.699996 0.000526793
944 0.699997 0.00041506
945 0.699997 0.000362047
946 0.699998 0.000326287
947 0.699998 0.000280948
948 0.699998 0.000222692
949 0.699999 0.000166269
950 0.699999 0.000135913
951 0.699999 0.000115785
952 0.699999 9.56146e-05
953 0.699999 7.34344e-05
954 0.7 5.32642e-05
955 0.7 4.22881e-05
956 0.7 3.53985e-05
957 0.7 2.93484e-05
958 0.7 2.34809e-05
959 0.7 1.91361e-05
960 0.699998 0.000249448
961 0.699998 0.000326888
962 0.699997 0.000389623
963 0.699997 0.000418983
964 0.699997 0.000436468
965 0.699996 0.000593321
966 0.699995 0.000710995
967 0.699995 0.000744537
968 0.699995 0.000692732
969 0.699996 0.000604658
970 0.699995 0.000720891
971 0.699994 0.00081259
972 0.699994 0.000815728
973 0.699995 0.000730304
974 0.699996 0.000608409
975 0.699995 0.000686266
976 0.699995 0.000733843
977 0.699995 0.000703767
978 0.699996 0.000597411
979 0.699997 0.000459109
980 0.699997 0.000474869
981 0.699997 0.000477147
982 0.699997 0.00043623
983 0.699998 0.000352405
984 0.699998 0.000251911
985 0.699998 0.000240441
986 0.699998 0.000227469
987 0.699999 0.000197957
988 0.699999 0.000152738
989 0.699999 0.000102676
990 0.699999 9.18046e-05
991 0.699999 8.26248e-05
992 0.7 6.92288e-05
993 0.7 5.17374e-05
994 0.7 3.35265e-05
995 0.7 2.9139e-05
996 0.7 2.58823e-05
997 0.7 2.17826e-05
998 0.7 1.68185e-05
999 0.7 1.19817e-05
1000 0.7 0
1001 0.699999 0.000168341
1002 0.699998 0.000227246
1003 0.699999 0.000199044
1004 0.7 0
1005 0.699998 0.000318047
1006 0.699997 0.000448641
1007 0.699997 0.000465163
1008 0.699998 0.000355253
1009 0.7 0
1010 0.699997 0.000378853
1011 0.699996 0.000513541
1012 0.699996 0.000515169
1013 0.699997 0.000382545
1014 0.7 0
1015 0.699998 0.000353564
1016 0.699997 0.00046236
1017 0.699997 0.0004478
1018 0.699998 0.000320855
1019 0.7 0
1020 0.699998 0.000240455
1021 0.699998 0.000301756
1022 0.699998 0.000281552
1023 0.699999 0.000195052
1024 0.7 0
1025 0.699999 0.000120587
1026 0.699999 0.000145429
1027 0.699999 0.000130876
1028 0.699999 8.7785e-05
1029 0.7 0
1030 0.7 4.60996e-05
1031 0.7 5.37668e-05
1032 0.7 4.70103e-05
1033 0.7 3.08137e-05
1034 0.7 0
1035 0.7 1.48894e-05
1036 0.7 1.72359e-05
1037 0.7 1.51037e-05
1038 0.7 1.00461e-05
1039 0.7 0
1040 0.7 6.37943e-05
1041 0.699999 0.000119403
1042 0.699999 0.000152214
1043 0.699999 0.000150152
1044 0.699999 0.000128136
1045 0.699998 0.000230556
1046 0.699998 0.000300826
1047 0.699998 0.000312704
1048 0.699998 0.000263484
1049 0.699999 0.000180632
1050 0.699998 0.000281371
1051 0.699998 0.000348086
1052 0.699998 0.000349398
1053 0.699998 0.000285105
1054 0.699999 0.00018583
1055 0.699998 0.000265995
1056 0.699998 0.000314713
1057 0.699998 0.000304683
1058 0.699998 0.000238541
1059 0.699999 0.000143213
1060 0.699999 0.000185443
1061 0.699999 0.000208376
1062 0.699999 0.000194156
1063 0.699999 0.000146454
1064 0.699999 8.2393e-05
1065 0.699999 9.66033e-05
1066 0.699999 0.000102934
1067 0.699999 9.24705e-05
1068 0.7 6.76167e-05
1069 0.7 3.63223e-05
1070 0.7 3.88747e-05
1071 0.7 3.93885e-05
1072 0.7 3.42805e-05
1073 0.7 2.45389e-05
1074 0.7 1.29668e-05
1075 0.7 1.31983e-05
1076 0.7 1.3086e-05
1077 0.7 1.13659e-05
1078 0.7 8.2725e-06
1079 0.7 4.57525e-06
1080 0.699999 7.20291e-05
1081 0.699999 9.33881e-05
1082 0.699999 0.000112212
1083 0.699999 0.000121369
1084 0.699999 0.000131969
1085 0.699999 0.000175454
1086 0.699999 0.000211713
1087 0.699998 0.000221668
1088 0.699999 0.000205621
1089 0.699999 0.000186056
1090 0.699998 0.000219246
1091 0.699998 0.000248394
1092 0.699998 0.000249593
1093 0.699998 0.000222943
1094 0.699999 0.000192412
1095 0.699999 0.000210151
1096 0.699998 0.000226139
1097 0.699998 0.000217993
1098 0.699999 0.000185662
1099 0.699999 0.000149017
1100 0.699999 0.000149921
1101 0.699999 0.000152366
1102 0.699999 0.000140699
1103 0.699999 0.000114764
1104 0.699999 8.65996e-05
1105 0.699999 8.05991e-05
1106 0.699999 7.73406e-05
1107 0.7 6.85505e-05
1108 0.7 5.39592e-05
1109 0.7 3.88357e-05
1110 0.7 3.37286e-05
1111 0.7 3.06726e-05
1112 0.7 2.622e-05
1113 0.7 2.01202e-05
1114 0.7 1.41434e-05
1115 0.7 1.18647e-05
1116 0.7 1.05574e-05
1117 0.7 9.01336e-06
1118 0.7 7.11132e-06
1119 0.7 5.45683e-06
1120 0.7 5.8961e-05
1121 0.7 7.0005e-05
1122 0.699999 8.1993e-05
1123 0.699999 9.12686e-05
1124 0.699999 0.000103053
1125 0.699999 0.00012776
1126 0.699999 0.000149125
1127 0.699999 0.000156862
1128 0.699999 0.000151489
1129 0.699999 0.000145338
1130 0.699999 0.00016183
1131 0.699999 0.00017691
1132 0.699999 0.000177895
1133 0.699999 0.000164894
1134 0.699999 0.000150923
1135 0.699999 0.000156275
1136 0.699999 0.000161935
1137 0.699999 0.000155713
1138 0.699999 0.000137288
1139 0.699999 0.000117426
1140 0.699999 0.000113013
1141 0.699999 0.000110627
1142 0.699999 0.000101655
1143 0.699999 8.55784e-05
1144 0.7 6.88711e-05
1145 0.7 6.19366e-05
1146 0.7 5.73589e-05
1147 0.7 5.05028e-05
1148 0.7 4.089e-05
1149 0.7 3.13728e-05
1150 0.7 2.65663e-05
1151 0.7 2.33853e-05
1152 0.7 1.9834e-05
1153 0.7 1.55993e-05
1154 0.7 1.16364e-05
1155 0.7 9.5721e-06
1156 0.7 8.27634e-06
1157 0.7 7.02819e-06
1158 0.7 5.70995e-06
1159 0.7 4.68815e-06
1160 0.7 3.48947e-05
1161 0.7 4.57504e-05
1162 0.7 5.45718e-05
1163 0.7 5.87543e-05
1164 0.7 6.13215e-05
1165 0.699999 8.35423e-05
1166 0.699999 0.000100317
1167 0.699999 0.000105331
1168 0.699999 9.84082e-05
1169 0.699999 8.67933e-05
1170 0.699999 0.000105992
1171 0.699999 0.000119704
1172 0.699999 0.000120368
1173 0.699999 0.000107986
1174 0.699999 9.02668e-05
1175 0.699999 0.000102252
1176 0.699999 0.00010978
1177 0.699999 0.0001058
1178 0.699999 9.04924e-05
1179 0.7 7.05097e-05
1180 0.699999 7.41932e-05
1181 0.699999 7.55904e-05
1182 0.7 6.98193e-05
1183 0.7 5.71156e-05
1184 0.7 4.17086e-05
1185 0.7 4.09813e-05
1186 0.7 3.9715e-05
1187 0.7 3.52642e-05
1188 0.7 2.77676e-05
1189 0.7 1.92316e-05
1190 0.7 1.78062e-05
1191 0.7 1.64925e-05
1192 0.7 1.41519e-05
1193 0.7 1.08226e-05
1194 0.7 7.2431e-06
1195 0.7 6.52085e-06
1196 0.7 5.95629e-06
1197 0.7 5.12038e-06
1198 0.7 4.01808e-06
1199 0.7 2.90132e-06
1200 0.7 0
1201 0.7 2.35775e-05
1202 0.7 3.1846e-05
1203 0.7 2.79161e-05
1204 0.7 0
1205 0.7 4.48567e-05
1206 0.7 6.33754e-05
1207 0.7 6.58464e-05
1208 0.7 5.04222e-05
1209 0.7 0
1210 0.7 5.57502e-05
1211 0.699999 7.56707e-05
1212 0.699999 7.60127e-05
1213 0.7 5.65259e-05
1214 0.7 0
1215 0.7 5.2794e-05
1216 0.7 6.92486e-05
1217 0.7 6.73221e-05
1218 0.7 4.84663e-05
1219 0.7 0
1220 0.7 3.7737e-05
1221 0.7 4.78001e-05
1222 0.7 4.49889e-05
1223 0.7 3.14153e-05
1224 0.7 0
1225 0.7 2.0645e-05
1226 0.7 2.52969e-05
1227 0.7 2.31078e-05
1228 0.7 1.57133e-05
1229 0.7 0
1230 0.7 8.95268e-06
1231 0.7 1.06439e-05
1232 0.7 9.47305e-06
1233 0.7 6.30747e-06
1234 0.7 0
1235 0.7 3.31866e-06
1236 0.7 3.91377e-06
1237 0.7 3.48428e-06
1238 0.7 2.34482e-06
1239 0.7 0
1240 0.7 8.94326e-06
1241 0.7 1.6738e-05
1242 0.7 2.13516e-05
1243 0.7 2.10932e-05
1244 0.7 1.80595e-05
1245 0.7 3.25554e-05
1246 0.7 4.25467e-05
1247 0.7 4.4325e-05
1248 0.7 3.74866e-05
1249 0.7 2.63405e-05
1250 0.7 4.1396e-05
1251 0.7 5.12943e-05
1252 0.7 5.1565e-05
1253 0.7 4.21637e-05
1254 0.7 2.76154e-05
1255 0.7 3.97299e-05
1256 0.7 4.71695e-05
1257 0.7 4.58435e-05
1258 0.7 3.6101e-05
1259 0.7 2.19845e-05
1260 0.7 2.89938e-05
1261 0.7 3.29338e-05
1262 0.7 3.09676e-05
1263 0.7 2.35892e-05
1264 0.7 1.3524e-05
1265 0.7 1.63326e-05
1266 0.7 1.77461e-05
1267 0.7 1.61809e-05
1268 0.7 1.19941e-05
1269 0.7 6.58801e-06
1270 0.7 7.36997e-06
1271 0.7 7.66827e-06
1272 0.7 6.7988e-06
1273 0.7 4.94074e-06
1274 0.7 2.66363e-06
1275 0.7 2.84345e-06
1276 0.7 2.89992e-06
1277 0.7 2.56176e-06
1278 0.7 1.87935e-06
1279 0.7 1.03099e-06
1280 0.7 1.00987e-05
1281 0.7 1.3097e-05
1282 0.7 1.57514e-05
1283 0.7 1.70673e-05
1284 0.7 1.86081e-05
1285 0.7 2.47927e-05
1286 0.7 2.99749e-05
1287 0.7 3.14665e-05
1288 0.7 2.93138e-05
1289 0.7 2.72219e-05
1290 0.7 3.22421e-05
1291 0.7 3.65987e-05
1292 0.7 3.68425e-05
1293 0.7 3.29924e-05
1294 0.7 2.85967e-05
1295 0.7 3.13817e-05
1296 0.7 3.39051e-05
1297 0.7 3.2829e-05
1298 0.7 2.81472e-05
1299 0.7 2.28661e-05
1300 0.7 2.33499e-05
1301 0.7 2.40077e-05
1302 0.7 2.23908e-05
1303 0.7 1.84744e-05
1304 0.7 1.41881e-05
1305 0.7 1.3507e-05
1306 0.7 1.32016e-05
1307 0.7 1.18924e-05
1308 0.7 9.50677e-06
1309 0.7 6.99475e-06
1310 0.7 6.27855e-06
1311 0.7 5.86838e-06
1312 0.7 5.12019e-06
1313 0.7 3.99819e-06
1314 0.7 2.8731e-06
1315 0.7 2.49454e-06
1316 0.7 2.28371e-06
1317 0.7 1.98615e-06
1318 0.7 1.58179e-06
1319 0.7 1.21441e-06
1320 0.7 8.2638e-06
1321 0.7 9.81344e-06
1322 0.7 1.15062e-05
1323 0.7 1.28342e-05
1324 0.7 1.4532e-05
1325 0.7 1.80582e-05
1326 0.7 2.1125e-05
1327 0.7 2.22848e-05
1328 0.7 2.16161e-05
1329 0.7 2.1308e-05
1330 0.7 2.3785e-05
1331 0.7 2.60539e-05
1332 0.7 2.62523e-05
1333 0.7 2.4401e-05
1334 0.7 2.24269e-05
1335 0.7 2.33276e-05
1336 0.7 2.42753e-05
1337 0.7 2.34543e-05
1338 0.7 2.08219e-05
1339 0.7 1.80065e-05
1340 0.7 1.75562e-05
1341 0.7 1.73812e-05
1342 0.7 1.61367e-05
1343 0.7 1.37488e-05
1344 0.7 1.12616e-05
1345 0.7 1.03217e-05
1346 0.7 9.723e-06
1347 0.7 8.69274e-06
1348 0.7 7.15563e-06
1349 0.7 5.61293e-06
1350 0.7 4.8876e-06
1351 0.7 4.41262e-06
1352 0.7 3.82069e-06
1353 0.7 3.06287e-06
1354 0.7 2.33902e-06
1355 0.7 1.9805e-06
1356 0.7 1.75661e-06
1357 0.7 1.51938e-06
1358 0.7 1.24889e-06
1359 0.7 1.03141e-06
1360 0.7 4.88565e-06
1361 0.7 6.39695e-06
1362 0.7 7.63753e-06
1363 0.7 8.24478e-06
1364 0.7 8.64246e-06
1365 0.7 1.1802e-05
1366 0.7 1.42038e-05
1367 0.7 1.49547e-05
1368 0.7 1.40302e-05
1369 0.7 1.27157e-05
1370 0.7 1.55607e-05
1371 0.7 1.76065e-05
1372 0.7 1.77389e-05
1373 0.7 1.59579e-05
1374 0.7 1.34054e-05
1375 0.7 1.52507e-05
1376 0.7 1.64395e-05
1377 0.7 1.59152e-05
1378 0.7 1.37011e-05
1379 0.7 1.08005e-05
1380 0.7 1.15055e-05
1381 0.7 1.18422e-05
1382 0.7 1.10426e-05
1383 0.7 9.13689e-06
1384 0.7 6.79936e-06
1385 0.7 6.80601e-06
1386 0.7 6.69441e-06
1387 0.7 6.02292e-06
1388 0.7 4.81749e-06
1389 0.7 3.41957e-06
1390 0.7 3.25138e-06
1391 0.7 3.07836e-06
1392 0.7 2.69105e-06
1393 0.7 2.09676e-06
1394 0.7 1.44204e-06
1395 0.7 1.33387e-06
1396 0.7 1.24466e-06
1397 0.7 1.08746e-06
1398 0.7 8.64263e-07
1399 0.7 6.31727e-07
1400 0.7 0
1401 0.7 3.2578e-06
1402 0.7 4.41014e-06
1403 0.7 3.87346e-06
1404 0.7 0
1405 0.7 6.31585e-06
1406 0.7 8.94815e-06
1407 0.7 9.3157e-06
1408 0.7 7.14447e-06
1409 0.7 0
1410 0.7 8.15178e-06
1411 0.7 1.10908e-05
1412 0.7 1.11573e-05
1413 0.7 8.30272e-06
1414 0.7 0
1415 0.7 7.8461e-06
1416 0.7 1.03337e-05
1417 0.7 1.00824e-05
1418 0.7 7.28115e-06
1419 0.7 0
1420 0.7 5.83498e-06
1421 0.7 7.4519e-06
1422 0.7 7.06594e-06
1423 0.7 4.9663e-06
1424 0.7 0
1425 0.7 3.41562e-06
1426 0.7 4.23266e-06
1427 0.7 3.90592e-06
1428 0.7 2.679e-06
1429 0.7 0
1430 0.7 1.62337e-06
1431 0.7 1.96158e-06
1432 0.7 1.77119e-06
1433 0.7 1.19326e-06
1434 0.7 0
1435 0.7 6.69655e-07
1436 0.7 8.01992e-07
1437 0.7 7.22664e-07
1438 0.7 4.89874e-07
1439 0.7 0
1440 0.7 1.13641e-06
1441 0.7 2.22747e-06
1442 0.7 2.87635e-06
1443 0.7 2.84294e-06
1444 0.7 2.43697e-06
1445 0.7 4.51976e-06
1446 0.7 5.96655e-06
1447 0.7 6.22512e-06
1448 0.7 5.25124e-06
1449 0.7 3.72191e-06
1450 0.7 5.96411e-06
1451 0.7 7.45894e-06
1452 0.7 7.50849e-06
1453 0.7 6.1043e-06
1454 0.7 3.9556e-06
1455 0.7 5.80811e-06
1456 0.7 6.97771e-06
1457 0.7 6.80994e-06
1458 0.7 5.34866e-06
1459 0.7 3.23669e-06
1460 0.7 4.38857e-06
1461 0.7 5.07221e-06
1462 0.7 4.81031e-06
1463 0.7 3.66751e-06
1464 0.7 2.09633e-06
1465 0.7 2.62736e-06
1466 0.7 2.91908e-06
1467 0.7 2.69316e-06
1468 0.7 2.00168e-06
1469 0.7 1.09553e-06
1470 0.7 1.2822e-06
1471 0.7 1.37544e-06
1472 0.7 1.24069e-06
1473 0.7 9.06344e-07
1474 0.7 4.85598e-07
1475 0.7 5.43456e-07
1476 0.7 5.71824e-07
1477 0.7 5.12078e-07
1478 0.7 3.73076e-07
1479 0.7 1.94737e-07
1480 0.7 1.18264e-06
1481 0.7 1.64165e-06
1482 0.7 2.02784e-06
1483 0.7 2.18793e-06
1484 0.7 2.38769e-06
1485 0.7 3.36438e-06
1486 0.7 4.17934e-06
1487 0.7 4.38528e-06
1488 0.7 4.02864e-06
1489 0.7 3.67614e-06
1490 0.7 4.53001e-06
1491 0.7 5.28014e-06
1492 0.7 5.32117e-06
1493 0.7 4.65673e-06
1494 0.7 3.91409e-06
1495 0.7 4.45908e-06
1496 0.7 4.96627e-06
1497 0.7 4.83807e-06
1498 0.7 4.0724e-06
1499 0.7 3.21289e-06
1500 0.7 3.41494e-06
1501 0.7 3.64332e-06
1502 0.7 3.44056e-06
1503 0.7 2.80091e-06
1504 0.7 2.09264e-06
1505 0.7 2.08111e-06
1506 0.7 2.12615e-06
1507 0.7 1.94876e-06
1508 0.7 1.54159e-06
1509 0.7 1.102e-06
1510 0.7 1.03581e-06
1511 0.7 1.0187e-06
1512 0.7 9.11067e-07
1513 0.7 7.06766e-07
1514 0.7 4.93094e-07
1515 0.7 4.47313e-07
1516 0.7 4.30361e-07
1517 0.7 3.81279e-07
1518 0.7 2.96003e-07
1519 0.7 2.11286e-07
1520 0.7 7.70793e-07
1521 0.7 1.13033e-06
1522 0.7 1.40752e-06
1523 0.7 1.49552e-06
1524 0.7 1.56395e-06
1525 0.7 2.37422e-06
1526 0.7 3.00549e-06
1527 0.7 3.14801e-06
1528 0.7 2.83327e-06
1529 0.7 2.42781e-06
1530 0.7 3.20435e-06
1531 0.7 3.81591e-06
1532 0.7 3.84485e-06
1533 0.7 3.29218e-06
1534 0.7 2.58901e-06
1535 0.7 3.15245e-06
1536 0.7 3.59539e-06
1537 0.7 3.50869e-06
1538 0.7 2.89419e-06
1539 0.7 2.13085e-06
1540 0.7 2.41853e-06
1541 0.7 2.64935e-06
1542 0.7 2.51126e-06
1543 0.7 2.00584e-06
1544 0.7 1.39438e-06
1545 0.7 1.48046e-06
1546 0.7 1.55787e-06
1547 0.7 1.43616e-06
1548 0.7 1.11553e-06
1549 0.7 7.39207e-07
1550 0.7 7.41573e-07
1551 0.7 7.53562e-07
1552 0.7 6.79055e-07
1553 0.7 5.17293e-07
1554 0.7 3.33211e-07
1555 0.7 3.22804e-07
1556 0.7 3.21475e-07
1557 0.7 2.87072e-07
1558 0.7 2.18676e-07
1559 0.7 1.43283e-07
1560 0.7 0
1561 0.7 7.02546e-07
1562 0.7 9.7785e-07
1563 0.7 8.24244e-07
1564 0.7 0
1565 0.7 1.5655e-06
1566 0.7 2.32351e-06
1567 0.7 2.40135e-06
1568 0.7 1.74167e-06
1569 0.7 0
1570 0.7 2.047e-06
1571 0.7 2.93825e-06
1572 0.7 2.95412e-06
1573 0.7 2.08156e-06
1574 0.7 0
1575 0.7 1.9696e-06
1576 0.7 2.75787e-06
1577 0.7 2.71076e-06
1578 0.7 1.86783e-06
1579 0.7 0
1580 0.7 1.48148e-06
1581 0.7 2.02705e-06
1582 0.7 1.9519e-06
1583 0.7 1.31891e-06
1584 0.7 0
1585 0.7 8.90027e-07
1586 0.7 1.19031e-06
1587 0.7 1.12397e-06
1588 0.7 7.46304e-07
1589 0.7 0
1590 0.7 4.38977e-07
1591 0.7 5.75698e-07
1592 0.7 5.35004e-07
1593 0.7 3.50675e-07
1594 0.7 0
1595 0.7 1.89551e-07
1596 0.7 2.45996e-07
1597 0.7 2.27154e-07
1598 0.7 1.48571e-07
1599 0.7 0


Peak Router Voltages 1
======================
0 0.641815 8.3122
1 0.599021 14.4256
2 0.609661 12.9055
3 0.610691 12.7585
4 0.696634 0.480924
5 0.699633 0.0523754
6 0.699955 0.00640059
7 0.699994 0.000857621
8 0.696076 0.56064
9 0.691456 1.22053
10 0.691442 1.22251
11 0.691734 1.1809
12 0.69779 0.315644
13 0.699672 0.0469054
14 0.699954 0.00654408
15 0.699993 0.000952422
16 0.699539 0.0658936
17 0.698835 0.166404
18 0.698828 0.167464
19 0.698928 0.153156
20 0.699531 0.0670293
21 0.699884 0.016589
22 0.699978 0.00314913
23 0.699996 0.000559713
24 0.699939 0.00865409
25 0.699839 0.0229785
26 0.699832 0.0239534
27 0.699851 0.0213113
28 0.699919 0.0116409
29 0.699972 0.00396426
30 0.699993 0.000996965
31 0.699998 0.000221181
32 0.699992 0.0012065
33 0.699978 0.00319848
34 0.699976 0.00348504
35 0.699978 0.00310983
36 0.699987 0.0018973
37 0.699994 0.000794285
38 0.699998 0.000248516
39 0.7 6.73516e-05
40 0.699999 0.000168341
41 0.699997 0.000448641
42 0.699996 0.000513541
43 0.699997 0.00046236
44 0.699998 0.000301756
45 0.699999 0.000145429
46 0.7 5.37668e-05
47 0.7 1.72359e-05
48 0.7 2.35775e-05
49 0.7 6.33754e-05
50 0.699999 7.56707e-05
51 0.7 6.92486e-05
52 0.7 4.78001e-05
53 0.7 2.52969e-05
54 0.7 1.06439e-05
55 0.7 3.91377e-06
56 0.7 3.2578e-06
57 0.7 8.94815e-06
58 0.7 1.10908e-05
59 0.7 1.03337e-05
60 0.7 7.4519e-06
61 0.7 4.23266e-06
62 0.7 1.96158e-06
63 0.7 8.01992e-07


Peak Router Voltages 2
======================
0 0.644142 7.97971
1 0.599642 14.3369
2 0.610224 12.8251
3 0.61124 12.68
4 0.696641 0.479812
5 0.699635 0.0521963
6 0.699955 0.00637675
7 0.699994 0.0008538
8 0.696232 0.538214
9 0.691553 1.20669
10 0.69152 1.21143
11 0.69181 1.17004
12 0.697795 0.314969
13 0.699672 0.0468545
14 0.699954 0.00653751
15 0.699993 0.000950808
16 0.699557 0.0632579
17 0.698849 0.164476
18 0.698839 0.165887
19 0.698938 0.151715
20 0.699533 0.0666595
21 0.699884 0.0165341
22 0.699978 0.00314165
23 0.699996 0.000558244
24 0.699942 0.00830793
25 0.699841 0.0227123
26 0.699834 0.0237046
27 0.699852 0.0211098
28 0.699919 0.0115595
29 0.699972 0.00394448
30 0.699993 0.000993234
31 0.699998 0.000220367
32 0.699992 0.00115824
33 0.699978 0.00316136
34 0.699976 0.00344859
35 0.699978 0.0030808
36 0.699987 0.00188258
37 0.699994 0.000789447
38 0.699998 0.00024731
39 0.7 6.70387e-05
40 0.699999 0.000161607
41 0.699997 0.000443417
42 0.699996 0.000508154
43 0.699997 0.000458008
44 0.699998 0.000299304
45 0.699999 0.000144435
46 0.7 5.34602e-05
47 0.7 1.7142e-05
48 0.7 2.26344e-05
49 0.7 6.26346e-05
50 0.699999 7.48739e-05
51 0.7 6.85904e-05
52 0.7 4.73976e-05
53 0.7 2.51108e-05
54 0.7 1.05762e-05
55 0.7 3.88997e-06
56 0.7 3.12748e-06
57 0.7 8.84286e-06
58 0.7 1.09732e-05
59 0.7 1.02342e-05
60 0.7 7.38723e-06
61 0.7 4.19998e-06
62 0.7 1.94805e-06
63 0.7 7.96699e-07
Peak Regional Voltages
======================
0 0.599021 14.4256
1 0.609661 12.9055
2 0.696634 0.480924
3 0.699954 0.00654408
4 0.698835 0.166404
5 0.698828 0.167464
6 0.699531 0.0670293
7 0.699978 0.00314913
8 0.699978 0.00319848
9 0.699976 0.00348504
10 0.699987 0.0018973
11 0.699998 0.000248516
12 0.7 6.33754e-05
13 0.699999 7.56707e-05
14 0.7 4.78001e-05
15 0.7 1.06439e-05
