0, 0.0
1, 0.0
2, 0.0
3, 0.0
4, 0.0
5, 0.0
6, 0.0
7, 0.0
8, 0.0
9, 0.0
10, 0.0
11, 0.0
12, 0.0
13, 0.0
14, 0.0
15, 0.0
16, 0.0
17, 0.0
18, 0.0001
19, 0.0002
20, 0.0003
21, 0.0005
22, 0.0008
23, 0.0008
24, 0.0009
25, 0.0011
26, 0.0019
27, 0.0024
28, 0.0031
29, 0.0037
30, 0.0049
31, 0.0057
32, 0.0065
33, 0.0067
34, 0.008
35, 0.0091
36, 0.0101
37, 0.0109
38, 0.0125
39, 0.0132
40, 0.0146
41, 0.0161
42, 0.0177
43, 0.0186
44, 0.02
45, 0.0207
46, 0.0213
47, 0.0225
48, 0.0237
49, 0.0256
50, 0.0268
51, 0.0286
52, 0.0303
53, 0.0317
54, 0.0337
55, 0.0346
56, 0.0367
57, 0.0381
58, 0.0392
59, 0.041
60, 0.0424
61, 0.044
62, 0.0453
63, 0.0469
64, 0.0492
65, 0.0508
66, 0.0529
67, 0.0556
68, 0.058
69, 0.0597
70, 0.0621
71, 0.0641
72, 0.0665
73, 0.0695
74, 0.0721
75, 0.0747
76, 0.0775
77, 0.0799
78, 0.0825
79, 0.0856
80, 0.0882
81, 0.0914
82, 0.0952
83, 0.1005
84, 0.1057
85, 0.1101
86, 0.1149
87, 0.1186
88, 0.1224
89, 0.1261
90, 0.1323
91, 0.1379
92, 0.1436
93, 0.1486
94, 0.1543
95, 0.1592
96, 0.1646
97, 0.1692
98, 0.1746
99, 0.1801
100, 0.1849
