0, 0.0
1, 0.0
2, 0.0
3, 0.0
4, 0.0
5, 0.0
6, 0.0
7, 0.0
8, 0.0
9, 0.0
10, 0.0
11, 0.0
12, 0.0
13, 0.0
14, 0.0
15, 0.0
16, 0.0
17, 0.0001
18, 0.0004
19, 0.0006
20, 0.0013
21, 0.0019
22, 0.002
23, 0.0021
24, 0.0024
25, 0.0032
26, 0.0041
27, 0.0059
28, 0.0074
29, 0.0092
30, 0.0115
31, 0.0136
32, 0.0151
33, 0.0172
34, 0.0191
35, 0.0213
36, 0.0229
37, 0.0248
38, 0.0268
39, 0.0296
40, 0.0321
41, 0.0347
42, 0.037
43, 0.0397
44, 0.0415
45, 0.0434
46, 0.0457
47, 0.0477
48, 0.0508
49, 0.0533
50, 0.0565
51, 0.0593
52, 0.0625
53, 0.066
54, 0.0686
55, 0.0712
56, 0.0739
57, 0.0761
58, 0.0796
59, 0.0827
60, 0.086
61, 0.0886
62, 0.0918
63, 0.0952
64, 0.0981
65, 0.101
66, 0.1048
67, 0.1077
68, 0.1116
69, 0.115
70, 0.1187
71, 0.1227
72, 0.1267
73, 0.1316
74, 0.1366
75, 0.1411
76, 0.1458
77, 0.1497
78, 0.1535
79, 0.1578
80, 0.1632
81, 0.169
82, 0.1748
83, 0.1812
84, 0.188
85, 0.1934
86, 0.1992
87, 0.2046
88, 0.2093
89, 0.2161
90, 0.2217
91, 0.2295
92, 0.2373
93, 0.2443
94, 0.2519
95, 0.2584
96, 0.2651
97, 0.2719
98, 0.2792
99, 0.2846
100, 0.2912
