0, 0.0
1, 0.0
2, 0.0
3, 0.0
4, 0.0
5, 0.0
6, 0.0
7, 0.0
8, 0.0
9, 0.0
10, 0.0
11, 0.0
12, 0.0001
13, 0.0001
14, 0.0001
15, 0.0007
16, 0.0012
17, 0.003
18, 0.0056
19, 0.0089
20, 0.0129
21, 0.0167
22, 0.0193
23, 0.0226
24, 0.0267
25, 0.0312
26, 0.0374
27, 0.0442
28, 0.0541
29, 0.0613
30, 0.0708
31, 0.0767
32, 0.0813
33, 0.0868
34, 0.0917
35, 0.0987
36, 0.1044
37, 0.1116
38, 0.118
39, 0.1246
40, 0.131
41, 0.1383
42, 0.145
43, 0.1501
44, 0.1549
45, 0.1597
46, 0.1661
47, 0.1709
48, 0.176
49, 0.1814
50, 0.187
51, 0.1919
52, 0.1976
53, 0.2039
54, 0.21
55, 0.2156
56, 0.2203
57, 0.2262
58, 0.232
59, 0.2365
60, 0.2436
61, 0.2497
62, 0.2546
63, 0.2603
64, 0.264
65, 0.2702
66, 0.2748
67, 0.2812
68, 0.2879
69, 0.2937
70, 0.2997
71, 0.3055
72, 0.3132
73, 0.3189
74, 0.3252
75, 0.3319
76, 0.3382
77, 0.3457
78, 0.3522
79, 0.3587
80, 0.3657
81, 0.3726
82, 0.3789
83, 0.3858
84, 0.3938
85, 0.401
86, 0.4079
87, 0.415
88, 0.4214
89, 0.4285
90, 0.4364
91, 0.4446
92, 0.4523
93, 0.46
94, 0.4686
95, 0.4759
96, 0.4834
97, 0.4912
98, 0.4997
99, 0.5065
100, 0.5144
