0, 0.0
1, 0.0
2, 0.0
3, 0.0
4, 0.0
5, 0.0
6, 0.0
7, 0.0
8, 0.0
9, 0.0
10, 0.0
11, 0.0
12, 0.0
13, 0.0
14, 0.0
15, 0.0
16, 0.0
17, 0.0
18, 0.0
19, 0.0
20, 0.0
21, 0.0001
22, 0.0001
23, 0.0001
24, 0.0001
25, 0.0001
26, 0.0002
27, 0.0003
28, 0.0005
29, 0.0008
30, 0.0008
31, 0.0014
32, 0.0017
33, 0.0018
34, 0.0019
35, 0.0022
36, 0.0025
37, 0.0026
38, 0.0031
39, 0.0036
40, 0.0038
41, 0.0045
42, 0.0048
43, 0.0049
44, 0.0054
45, 0.0058
46, 0.0059
47, 0.0063
48, 0.0065
49, 0.007
50, 0.0077
51, 0.0081
52, 0.0084
53, 0.0092
54, 0.0101
55, 0.0106
56, 0.0112
57, 0.0123
58, 0.0126
59, 0.0132
60, 0.0134
61, 0.014
62, 0.0151
63, 0.0157
64, 0.0163
65, 0.0171
66, 0.0176
67, 0.0187
68, 0.0196
69, 0.0206
70, 0.0222
71, 0.0233
72, 0.0247
73, 0.0259
74, 0.0271
75, 0.028
76, 0.0296
77, 0.0309
78, 0.032
79, 0.0339
80, 0.0358
81, 0.037
82, 0.0391
83, 0.0412
84, 0.0433
85, 0.0459
86, 0.048
87, 0.0509
88, 0.0531
89, 0.0554
90, 0.0583
91, 0.0613
92, 0.0646
93, 0.0689
94, 0.0718
95, 0.0759
96, 0.0801
97, 0.0839
98, 0.0878
99, 0.0917
100, 0.0965
