0, 0.0
1, 0.0
2, 0.0
3, 0.0
4, 0.0
5, 0.0
6, 0.0
7, 0.0
8, 0.0
9, 0.0002
10, 0.0008
11, 0.0016
12, 0.0022
13, 0.0024
14, 0.0034
15, 0.0045
16, 0.0086
17, 0.0149
18, 0.0207
19, 0.0289
20, 0.0366
21, 0.0426
22, 0.0508
23, 0.059
24, 0.0692
25, 0.0798
26, 0.0913
27, 0.1047
28, 0.1157
29, 0.1307
30, 0.1426
31, 0.1547
32, 0.1659
33, 0.1749
34, 0.1858
35, 0.1944
36, 0.2058
37, 0.2177
38, 0.2298
39, 0.2411
40, 0.2525
41, 0.2629
42, 0.271
43, 0.2781
44, 0.2856
45, 0.2947
46, 0.3024
47, 0.3106
48, 0.319
49, 0.3265
50, 0.3334
51, 0.3418
52, 0.3498
53, 0.3577
54, 0.3648
55, 0.3722
56, 0.3795
57, 0.3868
58, 0.3934
59, 0.4036
60, 0.4108
61, 0.4165
62, 0.4241
63, 0.4303
64, 0.438
65, 0.4441
66, 0.45
67, 0.4569
68, 0.4647
69, 0.4711
70, 0.4769
71, 0.4839
72, 0.4905
73, 0.4962
74, 0.5034
75, 0.5114
76, 0.5189
77, 0.5248
78, 0.5312
79, 0.5371
80, 0.5443
81, 0.5508
82, 0.5568
83, 0.5656
84, 0.573
85, 0.5795
86, 0.5873
87, 0.5938
88, 0.6012
89, 0.6079
90, 0.6158
91, 0.6227
92, 0.6282
93, 0.6357
94, 0.6437
95, 0.6512
96, 0.659
97, 0.6657
98, 0.6715
99, 0.6775
100, 0.6841
