0, 0.0
1, 0.0
2, 0.0
3, 0.0
4, 0.0
5, 0.0
6, 0.0
7, 0.0
8, 0.0
9, 0.0
10, 0.0
11, 0.0
12, 0.0
13, 0.0
14, 0.0
15, 0.0
16, 0.0
17, 0.0002
18, 0.0004
19, 0.0008
20, 0.0013
21, 0.0015
22, 0.0015
23, 0.0015
24, 0.0015
25, 0.0017
26, 0.002
27, 0.0024
28, 0.0029
29, 0.0034
30, 0.0043
31, 0.005
32, 0.0053
33, 0.0055
34, 0.006
35, 0.0066
36, 0.007
37, 0.0078
38, 0.0089
39, 0.0093
40, 0.0103
41, 0.0116
42, 0.0124
43, 0.0131
44, 0.014
45, 0.0146
46, 0.0154
47, 0.0164
48, 0.018
49, 0.0196
50, 0.0203
51, 0.0217
52, 0.023
53, 0.0244
54, 0.0256
55, 0.0272
56, 0.0291
57, 0.0299
58, 0.0311
59, 0.0326
60, 0.0339
61, 0.0352
62, 0.0369
63, 0.0389
64, 0.0403
65, 0.042
66, 0.0434
67, 0.0457
68, 0.0474
69, 0.0498
70, 0.0512
71, 0.0538
72, 0.0562
73, 0.0586
74, 0.061
75, 0.063
76, 0.066
77, 0.0684
78, 0.0702
79, 0.0738
80, 0.0769
81, 0.0796
82, 0.0841
83, 0.0884
84, 0.0924
85, 0.0968
86, 0.1016
87, 0.1047
88, 0.1083
89, 0.1136
90, 0.1185
91, 0.1252
92, 0.1304
93, 0.1357
94, 0.1409
95, 0.1472
96, 0.154
97, 0.1581
98, 0.1631
99, 0.1685
100, 0.1742
