0, 0.0
1, 0.0
2, 0.0
3, 0.0
4, 0.0
5, 0.0
6, 0.0
7, 0.0007
8, 0.0046
9, 0.0077
10, 0.0095
11, 0.0121
12, 0.0134
13, 0.0137
14, 0.0149
15, 0.0171
16, 0.0229
17, 0.0282
18, 0.034
19, 0.0418
20, 0.0504
21, 0.0579
22, 0.0684
23, 0.0791
24, 0.0904
25, 0.1018
26, 0.1127
27, 0.1269
28, 0.1408
29, 0.1605
30, 0.1747
31, 0.1881
32, 0.2
33, 0.2088
34, 0.2203
35, 0.2316
36, 0.2439
37, 0.2582
38, 0.271
39, 0.284
40, 0.2957
41, 0.3058
42, 0.3145
43, 0.3222
44, 0.3304
45, 0.3405
46, 0.3498
47, 0.358
48, 0.367
49, 0.3748
50, 0.3821
51, 0.3906
52, 0.398
53, 0.4059
54, 0.414
55, 0.4218
56, 0.429
57, 0.4372
58, 0.4454
59, 0.4556
60, 0.4618
61, 0.4691
62, 0.4771
63, 0.4833
64, 0.4913
65, 0.4972
66, 0.5031
67, 0.5101
68, 0.5173
69, 0.5236
70, 0.529
71, 0.5358
72, 0.5427
73, 0.5481
74, 0.5556
75, 0.5629
76, 0.5693
77, 0.5753
78, 0.5817
79, 0.5874
80, 0.5941
81, 0.6007
82, 0.6079
83, 0.6153
84, 0.6224
85, 0.6297
86, 0.6365
87, 0.6426
88, 0.65
89, 0.6571
90, 0.6645
91, 0.6707
92, 0.6759
93, 0.6829
94, 0.6899
95, 0.6969
96, 0.7044
97, 0.7115
98, 0.7167
99, 0.7223
100, 0.7274
