0, 0.0
1, 0.0
2, 0.0
3, 0.0
4, 0.0
5, 0.0
6, 0.0
7, 0.0
8, 0.0
9, 0.0
10, 0.0
11, 0.0
12, 0.0
13, 0.0
14, 0.0
15, 0.0
16, 0.0
17, 0.0
18, 0.0
19, 0.0
20, 0.0001
21, 0.0001
22, 0.0001
23, 0.0001
24, 0.0001
25, 0.0002
26, 0.0002
27, 0.0002
28, 0.0004
29, 0.0005
30, 0.0007
31, 0.0009
32, 0.001
33, 0.001
34, 0.001
35, 0.0012
36, 0.0014
37, 0.0015
38, 0.0015
39, 0.0016
40, 0.0016
41, 0.0017
42, 0.0018
43, 0.002
44, 0.0023
45, 0.0026
46, 0.0026
47, 0.0029
48, 0.0033
49, 0.0035
50, 0.0036
51, 0.0039
52, 0.0042
53, 0.0043
54, 0.0046
55, 0.005
56, 0.0055
57, 0.0059
58, 0.0064
59, 0.0067
60, 0.0068
61, 0.0074
62, 0.0078
63, 0.008
64, 0.0083
65, 0.0086
66, 0.0094
67, 0.0099
68, 0.0106
69, 0.0112
70, 0.0126
71, 0.013
72, 0.0139
73, 0.0145
74, 0.0151
75, 0.0157
76, 0.0164
77, 0.0172
78, 0.0182
79, 0.0193
80, 0.0202
81, 0.0215
82, 0.0228
83, 0.0239
84, 0.0252
85, 0.0268
86, 0.0278
87, 0.029
88, 0.0314
89, 0.0334
90, 0.0359
91, 0.0378
92, 0.0405
93, 0.0444
94, 0.0471
95, 0.0503
96, 0.0528
97, 0.0556
98, 0.0597
99, 0.0623
100, 0.0659
