0, 0.0
1, 0.0
2, 0.0
3, 0.0
4, 0.0
5, 0.0
6, 0.0
7, 0.0
8, 0.0
9, 0.0002
10, 0.0004
11, 0.0005
12, 0.0005
13, 0.0005
14, 0.0006
15, 0.0008
16, 0.0019
17, 0.0026
18, 0.0029
19, 0.0046
20, 0.0059
21, 0.0064
22, 0.0066
23, 0.0075
24, 0.0083
25, 0.0097
26, 0.0117
27, 0.0138
28, 0.0168
29, 0.0204
30, 0.024
31, 0.0268
32, 0.03
33, 0.0327
34, 0.0364
35, 0.0393
36, 0.0427
37, 0.0465
38, 0.0501
39, 0.0538
40, 0.0588
41, 0.0629
42, 0.0663
43, 0.0694
44, 0.0728
45, 0.0767
46, 0.0808
47, 0.0842
48, 0.0875
49, 0.0916
50, 0.0964
51, 0.1013
52, 0.1067
53, 0.1115
54, 0.115
55, 0.118
56, 0.1222
57, 0.1266
58, 0.1312
59, 0.1357
60, 0.1405
61, 0.1446
62, 0.1484
63, 0.1521
64, 0.1557
65, 0.1605
66, 0.1652
67, 0.1699
68, 0.1754
69, 0.1798
70, 0.1851
71, 0.1899
72, 0.1958
73, 0.2022
74, 0.2075
75, 0.2134
76, 0.2188
77, 0.2239
78, 0.2292
79, 0.2344
80, 0.2423
81, 0.2489
82, 0.2553
83, 0.2635
84, 0.2705
85, 0.2765
86, 0.2832
87, 0.29
88, 0.2964
89, 0.3043
90, 0.3127
91, 0.322
92, 0.3299
93, 0.339
94, 0.348
95, 0.3542
96, 0.3615
97, 0.3704
98, 0.3793
99, 0.3875
100, 0.3963
