0, 0.0
1, 0.0
2, 0.0
3, 0.0
4, 0.0
5, 0.0
6, 0.0
7, 0.0
8, 0.0
9, 0.0
10, 0.0
11, 0.0
12, 0.0
13, 0.0
14, 0.0
15, 0.0
16, 0.0
17, 0.0
18, 0.0
19, 0.0
20, 0.0
21, 0.0
22, 0.0
23, 0.0
24, 0.0
25, 0.0
26, 0.0
27, 0.0
28, 0.0
29, 0.0001
30, 0.0001
31, 0.0002
32, 0.0002
33, 0.0002
34, 0.0002
35, 0.0002
36, 0.0002
37, 0.0002
38, 0.0002
39, 0.0002
40, 0.0002
41, 0.0002
42, 0.0002
43, 0.0002
44, 0.0003
45, 0.0003
46, 0.0003
47, 0.0003
48, 0.0003
49, 0.0003
50, 0.0003
51, 0.0003
52, 0.0003
53, 0.0003
54, 0.0005
55, 0.0005
56, 0.0005
57, 0.0005
58, 0.0006
59, 0.0007
60, 0.0007
61, 0.0009
62, 0.0009
63, 0.0011
64, 0.0012
65, 0.0012
66, 0.0013
67, 0.0013
68, 0.0017
69, 0.0019
70, 0.0021
71, 0.0022
72, 0.0025
73, 0.0027
74, 0.003
75, 0.0032
76, 0.0035
77, 0.0036
78, 0.0039
79, 0.0043
80, 0.0049
81, 0.0055
82, 0.0063
83, 0.0063
84, 0.0065
85, 0.0069
86, 0.0072
87, 0.0076
88, 0.0081
89, 0.0089
90, 0.0096
91, 0.0102
92, 0.0108
93, 0.0117
94, 0.0126
95, 0.0138
96, 0.0146
97, 0.0154
98, 0.0173
99, 0.0185
100, 0.0208
